1_day0_Bcell	1_day1_Bcell	1_day2_Bcell	1_day3_Bcell	1_day4_Bcell	1_day5_Bcell	1_day6_Bcell	1_day7_Bcell	1_day8_Bcell	1_day9_Bcell	1_day10_Bcell	max_minus_min
0.0	0.0	2.16514998863e-07	0.0	0.0	0.0	0.0	0.0	0.0	0.0	0.0	2.16514998863e-07
0.0	0.0	0.0	0.0	0.0	0.0	2.39992644629e-07	0.0	0.0	0.0	0.0	2.39992644629e-07
0.0	0.0	2.20903816407e-07	0.0	0.0	0.0	2.39992644629e-07	0.0	0.0	0.0	0.0	2.39992644629e-07
2.62989705346e-07	0.0	2.20903816407e-07	0.0	0.0	0.0	2.39992644629e-07	0.0	0.0	0.0	0.0	2.62989705346e-07
0.0	2.79281599339e-07	0.0	0.0	0.0	0.0	0.0	0.0	0.0	0.0	0.0	2.79281599339e-07
0.0	0.0	2.17958432188e-07	0.0	0.0	2.27237288585e-07	0.0	0.0	0.0	0.0	3.49305392257e-07	3.49305392257e-07
0.0	0.0	0.0	3.14015083526e-07	0.0	2.30308062755e-07	0.0	0.0	2.73355159788e-07	3.15347064458e-07	3.54025735395e-07	3.54025735395e-07
0.0	0.0	0.0	3.22737724735e-07	0.0	0.0	0.0	0.0	0.0	0.0	3.63859783601e-07	3.63859783601e-07
2.64778750961e-07	2.79281599339e-07	0.0	0.0	2.42144575829e-07	0.0	4.83250495306e-07	2.26292384024e-07	0.0	0.0	0.0	4.83250495306e-07
2.66592304049e-07	0.0	0.0	6.36633320024e-07	0.0	2.33462967724e-07	0.0	2.2784233186e-07	0.0	6.39333774517e-07	3.58875403003e-07	6.39333774517e-07
2.58621105589e-07	2.72786678425e-07	2.17234317796e-07	0.0	0.0	6.79447042279e-07	0.0	0.0	0.0	0.0	6.96289818449e-07	6.96289818449e-07
5.17242211179e-07	2.72786678425e-07	0.0	6.17597772249e-07	4.73026613249e-07	4.52964694854e-07	7.08018167542e-07	2.21029770442e-07	5.37628752804e-07	3.10108741128e-07	3.48144909226e-07	7.08018167542e-07
7.88969116037e-07	2.77394561506e-07	2.20903816407e-07	3.14015083526e-07	2.4050846383e-07	2.30308062755e-07	2.39992644629e-07	2.24763381429e-07	0.0	0.0	3.54025735395e-07	7.88969116037e-07
0.0	0.0	2.21652642903e-07	0.0	2.41323746759e-07	6.93266304156e-07	4.81612358034e-07	2.25525291197e-07	0.0	6.32832075115e-07	1.0656774679e-06	1.0656774679e-06
8.43086131217e-07	0.0	2.36056063742e-07	1.34221609709e-06	0.0	4.92210733397e-07	5.12908467942e-07	4.80360728542e-07	2.92105152697e-07	0.0	1.51323635634e-06	1.51323635634e-06
3.65714543272e-06	2.47979567736e-06	2.85247612596e-06	1.87144559846e-06	1.67226019147e-06	2.7451484527e-06	2.38381955739e-06	1.78603921887e-06	1.6291233684e-06	3.13230641206e-06	2.10989834248e-06	2.02802206432e-06
2.8928867588e-06	3.88352386108e-06	1.98813434767e-06	3.45416591878e-06	2.88610156597e-06	2.30308062755e-06	3.11990438017e-06	2.24763381429e-06	1.64013095873e-06	2.2074294512e-06	2.12415441236e-06	2.24339290235e-06
5.25979410693e-06	7.76704772216e-06	5.30169159378e-06	6.59431675405e-06	4.81016927662e-06	7.13954994541e-06	6.71979404959e-06	5.16955777287e-06	6.5605238349e-06	6.93763541807e-06	6.01843750169e-06	2.95687844554e-06
5.35016857612e-06	3.66809028412e-06	2.4716935609e-06	4.79115797546e-06	4.15889549828e-06	3.27971344349e-06	2.92939475505e-06	4.11525531357e-06	2.22441587071e-06	3.52841938787e-06	3.60108651811e-06	3.1257527054e-06
4.20783528554e-06	3.60612929959e-06	2.42994198048e-06	3.7681810023e-06	5.05067774044e-06	3.68492900409e-06	2.39992644629e-06	1.79810705143e-06	2.1868412783e-06	2.83812358012e-06	4.24830882473e-06	3.25257068901e-06
6.04876322294e-06	5.27049666861e-06	3.31355724611e-06	6.59431675405e-06	3.1266100298e-06	5.52739350611e-06	6.47980140497e-06	5.84384791716e-06	4.92039287618e-06	5.67624716024e-06	3.18623161854e-06	3.46770672426e-06
2.62989705346e-07	5.54789123014e-07	2.20903816407e-07	1.88409050116e-06	4.81016927662e-07	1.84246450204e-06	4.79985289257e-07	1.34858028857e-06	0.0	0.0	3.89428308932e-06	3.89428308932e-06
5.82513252112e-06	3.90994239075e-06	3.78091157878e-06	2.52920992446e-06	3.87431321327e-06	7.18811831238e-06	3.14112821949e-06	3.62067814439e-06	2.47693246828e-06	4.44489195616e-06	4.6336429585e-06	4.7111858441e-06
1.05195882138e-06	2.49655105355e-06	1.10451908204e-06	1.88409050116e-06	1.68355924681e-06	2.30308062755e-06	5.99981611571e-06	2.47239719572e-06	2.1868412783e-06	1.89208238675e-06	2.47818014776e-06	4.94785729433e-06
1.05195882138e-05	9.43141509122e-06	7.28982594142e-06	1.47587089257e-05	9.86084701706e-06	1.42790998908e-05	1.31995954546e-05	1.14629324529e-05	7.10723415449e-06	1.26138825783e-05	1.09747977972e-05	7.65147477125e-06
1.07825779192e-05	9.98620421422e-06	1.03824793711e-05	1.53867390928e-05	1.03418639447e-05	1.2206327326e-05	1.55995219008e-05	1.258674936e-05	1.36677579894e-05	1.38752708361e-05	1.77012867697e-05	7.71508255547e-06
1.53607097464e-05	1.51036236165e-05	1.09343695078e-05	1.49214926647e-05	1.11904807653e-05	1.50478204481e-05	1.35423274253e-05	1.86906913574e-05	1.24481734303e-05	1.93553489195e-05	1.75236818857e-05	8.42097941171e-06
1.20975264459e-05	1.55340954443e-05	9.71976792193e-06	1.82128748445e-05	1.03418639447e-05	1.33578676398e-05	1.15196469422e-05	1.258674936e-05	1.14809167111e-05	1.29292296428e-05	1.20368750034e-05	8.4931069226e-06
8.88163890805e-06	8.54151844423e-06	7.46032217557e-06	1.68430103862e-05	5.25567488745e-06	8.92173247128e-06	9.77366018527e-06	7.81392158258e-06	5.97345235081e-06	6.89107410654e-06	8.79124309366e-06	1.15873354987e-05
1.20975264459e-05	6.65746947615e-06	8.83615265628e-06	9.73446758932e-06	6.73423698726e-06	1.2206327326e-05	1.39195733884e-05	2.42744451943e-05	2.54220298603e-05	1.79747826741e-05	1.27449264742e-05	1.87645603841e-05
3.45404757377e-05	4.13262785142e-05	4.41690597679e-05	4.70897851083e-05	3.06449194974e-05	2.52820294584e-05	3.26962164589e-05	2.8638724892e-05	2.35773351065e-05	2.84355339712e-05	3.29642505936e-05	2.35124500018e-05
6.25863075525e-05	5.37389756495e-05	4.9963893093e-05	6.73181571754e-05	3.9734235513e-05	4.89201870442e-05	3.54009083771e-05	3.53647632708e-05	3.97845277076e-05	4.86870723571e-05	6.12735040236e-05	3.19533939047e-05
6.95964809642e-05	5.24734983765e-05	6.51710146576e-05	7.81751988073e-05	5.30392837454e-05	6.45594680815e-05	5.6218674343e-05	5.70571519003e-05	4.23320334868e-05	4.97621844497e-05	6.21115879606e-05	3.58431653205e-05
2.26171146597e-05	1.33149389523e-05	1.7893209129e-05	2.79473424338e-05	1.77976263234e-05	2.60248110913e-05	2.3279286529e-05	2.98935297301e-05	4.78371529628e-05	5.01401832486e-05	4.07129595703e-05	3.68252442964e-05
7.10072204432e-05	6.46329328311e-05	5.83186075314e-05	8.03878613828e-05	6.49372852341e-05	7.48501203953e-05	7.87175874382e-05	7.10252285314e-05	5.98647799936e-05	7.34758660186e-05	9.91272059101e-05	4.08085983787e-05
0.000112559593888	9.98620421422e-05	9.71976792193e-05	0.000117127626155	7.91272846003e-05	0.000105250784679	9.71970210747e-05	0.000100019704736	7.43526034622e-05	8.54590544679e-05	8.14259191405e-05	4.27750226932e-05
0.000193297433429	0.00016754631515	0.000155958094383	0.000204109804292	0.000166672365434	0.000205204483915	0.000191034145124	0.000184980262916	0.000162646320074	0.000188262197481	0.000202856746381	4.92463895311e-05
0.000154895569312	0.000138244391673	0.000138559289034	0.000179573904636	0.000149403203287	0.00019222419616	0.00018532656495	0.000198232128405	0.000181641714341	0.000186685462159	0.000175365564275	5.99877367316e-05
3.04495563604e-05	2.37389359438e-05	2.11286235285e-05	1.9285225674e-05	1.59815420047e-05	5.26355760293e-05	7.82865802398e-05	7.94286267925e-05	4.21078519609e-05	2.60343671718e-05	2.85147258984e-05	6.34470847878e-05
9.59912424514e-05	9.20949944199e-05	0.00010824287004	0.000120581792074	6.68613529449e-05	9.88021589216e-05	0.00013271593248	0.000123395096404	9.18473336889e-05	9.49194664017e-05	8.92144853193e-05	6.58545795348e-05
0.000134700993381	0.000105928746409	0.000119839943432	0.000152587752669	0.000128774634149	0.000151931006258	9.11611651078e-05	9.46859853126e-05	9.19592880205e-05	8.31483031116e-05	0.000106222219966	6.94394495577e-05
0.000164711671616	0.000134582288582	0.000146147624232	0.00017389365089	0.00011621496394	0.000116026456622	0.000123492903892	0.000103980601146	0.000107169705029	0.000114978463449	0.000142960749943	6.9913049744e-05
6.7691263289e-05	6.78290006047e-05	7.3041588312e-05	9.54353801679e-05	7.21428866355e-05	0.000159598095662	0.000128770902887	0.000143072792176	0.000133953170609	0.000152033143932	0.000140890402361	9.19068323726e-05
7.94336252881e-05	7.12168078316e-05	7.33941659408e-05	0.000112233690398	6.65897583531e-05	6.88668109282e-05	6.88631955813e-05	0.000121292717837	0.000134029568006	0.000160333602704	0.000134375645796	9.37438443514e-05
0.000174224418132	0.000142992178862	0.000176368404822	0.000219092809706	0.000140201709405	0.000179471083025	0.00016164729068	0.000150484435376	0.000125222697007	0.000156841187596	0.000158256728736	9.38701126983e-05
0.000244427838088	0.000217181953616	0.000155546444268	0.000206516896025	0.000172995357574	0.000179152947656	0.000155410390516	0.000150543904705	0.000179223957733	0.000179358217057	0.000174175828698	9.38839333826e-05
0.000202239083411	0.000166714131465	0.000158829843997	0.000220752603719	0.000140456942877	0.000185858606643	0.000169194814463	0.000200938462998	0.000203649594042	0.000239033074859	0.000229762702271	9.85761319821e-05
0.00014346851366	6.24923556857e-05	4.4409960415e-05	7.16940376369e-05	4.30058683857e-05	3.65285880283e-05	3.29731873794e-05	4.31422954662e-05	4.61177210191e-05	4.61935017287e-05	3.07579492157e-05	0.000112710564445
0.000189352587849	0.000185022172525	0.00016722418902	0.000222008664053	0.000134925248209	0.000235605148198	0.000249832343058	0.000235776787119	0.000172487105826	0.000169341373614	0.000221266084621	0.00011490709485
0.000144118358529	0.000123717974432	0.000140715731051	0.000228288965724	0.000134203722818	0.000179179672823	0.000146155520579	0.000134183738713	0.000112348970673	0.000140329443684	0.000159665606662	0.000115939995051
0.000154908852527	0.000153782349549	0.000151331673988	0.000169731979061	0.000116428619026	0.000187185766483	0.000213351053122	0.000233188625506	0.000197276487624	0.000200109333184	0.00017944250251	0.00011676000648
0.000251681148016	0.000228850513243	0.000235262564474	0.000347614697463	0.000232571684524	0.000302394486397	0.000272871636943	0.000276908485921	0.000258867336319	0.000283497010948	0.000278618253755	0.00011876418422
7.23407642017e-05	7.54737364519e-05	9.8191374501e-05	0.000106092692058	7.38271906751e-05	8.53861326801e-05	0.000123180063122	0.000193317697843	0.000156649993926	0.00016594263303	0.000150660002518	0.000120976933641
0.000196591490925	0.000175072640812	0.00018929135704	0.000245131883238	0.000175442363894	0.000220920862258	0.00020588928306	0.000279651361084	0.000295950048657	0.000297747491342	0.000272813431782	0.00012267485053
0.000171310966324	0.000160373021673	0.000143458927942	0.000196777184515	0.000137142913208	0.000218421393777	0.000195769785938	0.000272127565834	0.000263035316832	0.000270974884873	0.000241476336385	0.000134984652626
0.000162581098106	0.000110914169065	0.000107192671568	0.000125861363708	0.000103167879803	0.000124496232533	0.000191918577034	0.000244743003715	0.00021408817616	0.000172913583803	0.000155984899755	0.000141575123912
0.0003580867828	0.000311178398136	0.000276622498343	0.000426932778647	0.000321201906936	0.000340855932878	0.000287763383925	0.00025822645842	0.000260293416288	0.00030312656398	0.000317216659611	0.000168706320227
0.000150447821202	0.000135742141384	0.000129013779053	0.00019716341002	0.000120568431525	0.000217596918766	0.000195652993463	0.000260519678553	0.000256633555266	0.000297313884179	0.000194764218712	0.000176745452655
0.0001711522592	0.000167029525282	0.000143091203598	0.000194491479268	0.000157009196607	0.000211517448758	0.000208734424558	0.000311688309984	0.000355796080308	0.000325101224342	0.00024870065428	0.000212704876711
0.00012080286987	8.37564582368e-05	9.92840751308e-05	0.000136158620565	0.000102380994235	0.000122206541821	0.000101686248036	0.000126607183123	0.000214866297906	0.000305939386147	0.000284234120186	0.00022218292791
0.000271142386211	0.000230792275173	0.000268398136935	0.000311816977942	0.00023858439612	0.000369874748784	0.000364548827193	0.00042277992047	0.000444475489814	0.000482796355686	0.000409961801584	0.000252004080513
0.00071980282353	0.000627189103564	0.000630680395841	0.000823033533922	0.000584195058645	0.000718791463858	0.000688058912149	0.000892535387655	0.000843574023105	0.000865312344872	0.000808594779639	0.00030834032901
8.23615541382e-05	7.37017468399e-05	6.62801921775e-05	9.04106226836e-05	6.68170271529e-05	0.000102838445277	0.000224751063976	0.000418934395447	0.000258480160922	0.000158332209374	0.000135549566892	0.00035265420327
0.000146485265878	0.000123717974432	0.000143145673032	0.00017898859761	0.000132520163571	0.000248041783587	0.000611981243804	0.000952771973878	0.000536049468345	0.000343097606128	0.000266227353016	0.000829053999447
0.000336889812548	0.000278504139752	0.000295348402536	0.00035515105947	0.000252774395486	0.000479271078591	0.000703418441405	0.00110179009577	0.000737785576267	0.000472074555493	0.000401465183936	0.000849015700281
0.000279295067077	0.000258531731324	0.000249179504907	0.000341020380709	0.000228964057567	0.000499307880051	0.00159259118976	0.00282505094118	0.0015709721033	0.000925543634182	0.000620253088409	0.00259608688362
0.000921778917236	0.000752294050804	0.000788184816939	0.00100359220695	0.000735234373929	0.000915704857514	0.00110948599612	0.00333863526775	0.00380155020716	0.00317775236854	0.00160904696736	0.00306631583323
