expr_level tpoints gene_ids
0 0 51.0125206550583
0 1 51.0125206550583
2.16514998863e-07 2 51.0125206550583
0 3 51.0125206550583
0 4 51.0125206550583
0 5 51.0125206550583
0 6 51.0125206550583
0 7 51.0125206550583
0 8 51.0125206550583
0 9 51.0125206550583
0 10 51.0125206550583
0 0 92.3968471353874
0 1 92.3968471353874
0 2 92.3968471353874
0 3 92.3968471353874
0 4 92.3968471353874
0 5 92.3968471353874
2.39992644629e-07 6 92.3968471353874
0 7 92.3968471353874
0 8 92.3968471353874
0 9 92.3968471353874
0 10 92.3968471353874
0 0 51.0959698352963
0 1 51.0959698352963
2.20903816407e-07 2 51.0959698352963
0 3 51.0959698352963
0 4 51.0959698352963
0 5 51.0959698352963
2.39992644629e-07 6 51.0959698352963
0 7 51.0959698352963
0 8 51.0959698352963
0 9 51.0959698352963
0 10 51.0959698352963
2.62989705346e-07 0 25.7621260825545
0 1 25.7621260825545
2.20903816407e-07 2 25.7621260825545
0 3 25.7621260825545
0 4 25.7621260825545
0 5 25.7621260825545
2.39992644629e-07 6 25.7621260825545
0 7 25.7621260825545
0 8 25.7621260825545
0 9 25.7621260825545
0 10 25.7621260825545
0 0 4.64608869515359
2.79281599339e-07 1 4.64608869515359
0 2 4.64608869515359
0 3 4.64608869515359
0 4 4.64608869515359
0 5 4.64608869515359
0 6 4.64608869515359
0 7 4.64608869515359
0 8 4.64608869515359
0 9 4.64608869515359
0 10 4.64608869515359
0 0 41.785625834018
0 1 41.785625834018
2.17958432188e-07 2 41.785625834018
0 3 41.785625834018
0 4 41.785625834018
2.27237288585e-07 5 41.785625834018
0 6 41.785625834018
0 7 41.785625834018
0 8 41.785625834018
0 9 41.785625834018
3.49305392257e-07 10 41.785625834018
0 0 85.4001502273604
0 1 85.4001502273604
0 2 85.4001502273604
3.14015083526e-07 3 85.4001502273604
0 4 85.4001502273604
2.30308062755e-07 5 85.4001502273604
0 6 85.4001502273604
0 7 85.4001502273604
2.73355159788e-07 8 85.4001502273604
3.15347064458e-07 9 85.4001502273604
3.54025735395e-07 10 85.4001502273604
0 0 34.7230677725747
0 1 34.7230677725747
0 2 34.7230677725747
3.22737724735e-07 3 34.7230677725747
0 4 34.7230677725747
0 5 34.7230677725747
0 6 34.7230677725747
0 7 34.7230677725747
0 8 34.7230677725747
0 9 34.7230677725747
3.63859783601e-07 10 34.7230677725747
2.64778750961e-07 0 13.1442320533097
2.79281599339e-07 1 13.1442320533097
0 2 13.1442320533097
0 3 13.1442320533097
2.42144575829e-07 4 13.1442320533097
0 5 13.1442320533097
4.83250495306e-07 6 13.1442320533097
2.26292384024e-07 7 13.1442320533097
0 8 13.1442320533097
0 9 13.1442320533097
0 10 13.1442320533097
2.66592304049e-07 0 37.4486864544451
0 1 37.4486864544451
0 2 37.4486864544451
6.36633320024e-07 3 37.4486864544451
0 4 37.4486864544451
2.33462967724e-07 5 37.4486864544451
0 6 37.4486864544451
2.2784233186e-07 7 37.4486864544451
0 8 37.4486864544451
6.39333774517e-07 9 37.4486864544451
3.58875403003e-07 10 37.4486864544451
2.58621105589e-07 0 63.1420228397474
2.72786678425e-07 1 63.1420228397474
2.17234317796e-07 2 63.1420228397474
0 3 63.1420228397474
0 4 63.1420228397474
6.79447042279e-07 5 63.1420228397474
0 6 63.1420228397474
0 7 63.1420228397474
0 8 63.1420228397474
0 9 63.1420228397474
6.96289818449e-07 10 63.1420228397474
5.17242211179e-07 0 39.0078933676705
2.72786678425e-07 1 39.0078933676705
0 2 39.0078933676705
6.17597772249e-07 3 39.0078933676705
4.73026613249e-07 4 39.0078933676705
4.52964694854e-07 5 39.0078933676705
7.08018167542e-07 6 39.0078933676705
2.21029770442e-07 7 39.0078933676705
5.37628752804e-07 8 39.0078933676705
3.10108741128e-07 9 39.0078933676705
3.48144909226e-07 10 39.0078933676705
7.88969116037e-07 0 68.9627848798409
2.77394561506e-07 1 68.9627848798409
2.20903816407e-07 2 68.9627848798409
3.14015083526e-07 3 68.9627848798409
2.4050846383e-07 4 68.9627848798409
2.30308062755e-07 5 68.9627848798409
2.39992644629e-07 6 68.9627848798409
2.24763381429e-07 7 68.9627848798409
0 8 68.9627848798409
0 9 68.9627848798409
3.54025735395e-07 10 68.9627848798409
0 0 68.9413412474096
0 1 68.9413412474096
2.21652642903e-07 2 68.9413412474096
0 3 68.9413412474096
2.41323746759e-07 4 68.9413412474096
6.93266304156e-07 5 68.9413412474096
4.81612358034e-07 6 68.9413412474096
2.25525291197e-07 7 68.9413412474096
0 8 68.9413412474096
6.32832075115e-07 9 68.9413412474096
1.0656774679e-06 10 68.9413412474096
8.43086131217e-07 0 55.4900623159483
0 1 55.4900623159483
2.36056063742e-07 2 55.4900623159483
1.34221609709e-06 3 55.4900623159483
0 4 55.4900623159483
4.92210733397e-07 5 55.4900623159483
5.12908467942e-07 6 55.4900623159483
4.80360728542e-07 7 55.4900623159483
2.92105152697e-07 8 55.4900623159483
0 9 55.4900623159483
1.51323635634e-06 10 55.4900623159483
3.65714543272e-06 0 42.9624407785013
2.47979567736e-06 1 42.9624407785013
2.85247612596e-06 2 42.9624407785013
1.87144559846e-06 3 42.9624407785013
1.67226019147e-06 4 42.9624407785013
2.7451484527e-06 5 42.9624407785013
2.38381955739e-06 6 42.9624407785013
1.78603921887e-06 7 42.9624407785013
1.6291233684e-06 8 42.9624407785013
3.13230641206e-06 9 42.9624407785013
2.10989834248e-06 10 42.9624407785013
2.8928867588e-06 0 45.2720062807202
3.88352386108e-06 1 45.2720062807202
1.98813434767e-06 2 45.2720062807202
3.45416591878e-06 3 45.2720062807202
2.88610156597e-06 4 45.2720062807202
2.30308062755e-06 5 45.2720062807202
3.11990438017e-06 6 45.2720062807202
2.24763381429e-06 7 45.2720062807202
1.64013095873e-06 8 45.2720062807202
2.2074294512e-06 9 45.2720062807202
2.12415441236e-06 10 45.2720062807202
5.25979410693e-06 0 30.6443258887157
7.76704772216e-06 1 30.6443258887157
5.30169159378e-06 2 30.6443258887157
6.59431675405e-06 3 30.6443258887157
4.81016927662e-06 4 30.6443258887157
7.13954994541e-06 5 30.6443258887157
6.71979404959e-06 6 30.6443258887157
5.16955777287e-06 7 30.6443258887157
6.5605238349e-06 8 30.6443258887157
6.93763541807e-06 9 30.6443258887157
6.01843750169e-06 10 30.6443258887157
5.35016857612e-06 0 57.8353944001719
3.66809028412e-06 1 57.8353944001719
2.4716935609e-06 2 57.8353944001719
4.79115797546e-06 3 57.8353944001719
4.15889549828e-06 4 57.8353944001719
3.27971344349e-06 5 57.8353944001719
2.92939475505e-06 6 57.8353944001719
4.11525531357e-06 7 57.8353944001719
2.22441587071e-06 8 57.8353944001719
3.52841938787e-06 9 57.8353944001719
3.60108651811e-06 10 57.8353944001719
4.20783528554e-06 0 91.0370304249227
3.60612929959e-06 1 91.0370304249227
2.42994198048e-06 2 91.0370304249227
3.7681810023e-06 3 91.0370304249227
5.05067774044e-06 4 91.0370304249227
3.68492900409e-06 5 91.0370304249227
2.39992644629e-06 6 91.0370304249227
1.79810705143e-06 7 91.0370304249227
2.1868412783e-06 8 91.0370304249227
2.83812358012e-06 9 91.0370304249227
4.24830882473e-06 10 91.0370304249227
6.04876322294e-06 0 14.2604082124308
5.27049666861e-06 1 14.2604082124308
3.31355724611e-06 2 14.2604082124308
6.59431675405e-06 3 14.2604082124308
3.1266100298e-06 4 14.2604082124308
5.52739350611e-06 5 14.2604082124308
6.47980140497e-06 6 14.2604082124308
5.84384791716e-06 7 14.2604082124308
4.92039287618e-06 8 14.2604082124308
5.67624716024e-06 9 14.2604082124308
3.18623161854e-06 10 14.2604082124308
2.62989705346e-07 0 41.5047625312582
5.54789123014e-07 1 41.5047625312582
2.20903816407e-07 2 41.5047625312582
1.88409050116e-06 3 41.5047625312582
4.81016927662e-07 4 41.5047625312582
1.84246450204e-06 5 41.5047625312582
4.79985289257e-07 6 41.5047625312582
1.34858028857e-06 7 41.5047625312582
0 8 41.5047625312582
0 9 41.5047625312582
3.89428308932e-06 10 41.5047625312582
5.82513252112e-06 0 21.0925750667229
3.90994239075e-06 1 21.0925750667229
3.78091157878e-06 2 21.0925750667229
2.52920992446e-06 3 21.0925750667229
3.87431321327e-06 4 21.0925750667229
7.18811831238e-06 5 21.0925750667229
3.14112821949e-06 6 21.0925750667229
3.62067814439e-06 7 21.0925750667229
2.47693246828e-06 8 21.0925750667229
4.44489195616e-06 9 21.0925750667229
4.6336429585e-06 10 21.0925750667229
1.05195882138e-06 0 42.8750370861962
2.49655105355e-06 1 42.8750370861962
1.10451908204e-06 2 42.8750370861962
1.88409050116e-06 3 42.8750370861962
1.68355924681e-06 4 42.8750370861962
2.30308062755e-06 5 42.8750370861962
5.99981611571e-06 6 42.8750370861962
2.47239719572e-06 7 42.8750370861962
2.1868412783e-06 8 42.8750370861962
1.89208238675e-06 9 42.8750370861962
2.47818014776e-06 10 42.8750370861962
1.05195882138e-05 0 13.2689975202084
9.43141509122e-06 1 13.2689975202084
7.28982594142e-06 2 13.2689975202084
1.47587089257e-05 3 13.2689975202084
9.86084701706e-06 4 13.2689975202084
1.42790998908e-05 5 13.2689975202084
1.31995954546e-05 6 13.2689975202084
1.14629324529e-05 7 13.2689975202084
7.10723415449e-06 8 13.2689975202084
1.26138825783e-05 9 13.2689975202084
1.09747977972e-05 10 13.2689975202084
1.07825779192e-05 0 46.0096445865929
9.98620421422e-06 1 46.0096445865929
1.03824793711e-05 2 46.0096445865929
1.53867390928e-05 3 46.0096445865929
1.03418639447e-05 4 46.0096445865929
1.2206327326e-05 5 46.0096445865929
1.55995219008e-05 6 46.0096445865929
1.258674936e-05 7 46.0096445865929
1.36677579894e-05 8 46.0096445865929
1.38752708361e-05 9 46.0096445865929
1.77012867697e-05 10 46.0096445865929
1.53607097464e-05 0 94.2957059247419
1.51036236165e-05 1 94.2957059247419
1.09343695078e-05 2 94.2957059247419
1.49214926647e-05 3 94.2957059247419
1.11904807653e-05 4 94.2957059247419
1.50478204481e-05 5 94.2957059247419
1.35423274253e-05 6 94.2957059247419
1.86906913574e-05 7 94.2957059247419
1.24481734303e-05 8 94.2957059247419
1.93553489195e-05 9 94.2957059247419
1.75236818857e-05 10 94.2957059247419
1.20975264459e-05 0 76.1973861604929
1.55340954443e-05 1 76.1973861604929
9.71976792193e-06 2 76.1973861604929
1.82128748445e-05 3 76.1973861604929
1.03418639447e-05 4 76.1973861604929
1.33578676398e-05 5 76.1973861604929
1.15196469422e-05 6 76.1973861604929
1.258674936e-05 7 76.1973861604929
1.14809167111e-05 8 76.1973861604929
1.29292296428e-05 9 76.1973861604929
1.20368750034e-05 10 76.1973861604929
8.88163890805e-06 0 93.2909828843549
8.54151844423e-06 1 93.2909828843549
7.46032217557e-06 2 93.2909828843549
1.68430103862e-05 3 93.2909828843549
5.25567488745e-06 4 93.2909828843549
8.92173247128e-06 5 93.2909828843549
9.77366018527e-06 6 93.2909828843549
7.81392158258e-06 7 93.2909828843549
5.97345235081e-06 8 93.2909828843549
6.89107410654e-06 9 93.2909828843549
8.79124309366e-06 10 93.2909828843549
1.20975264459e-05 0 47.0678497571498
6.65746947615e-06 1 47.0678497571498
8.83615265628e-06 2 47.0678497571498
9.73446758932e-06 3 47.0678497571498
6.73423698726e-06 4 47.0678497571498
1.2206327326e-05 5 47.0678497571498
1.39195733884e-05 6 47.0678497571498
2.42744451943e-05 7 47.0678497571498
2.54220298603e-05 8 47.0678497571498
1.79747826741e-05 9 47.0678497571498
1.27449264742e-05 10 47.0678497571498
3.45404757377e-05 0 60.3588067693636
4.13262785142e-05 1 60.3588067693636
4.41690597679e-05 2 60.3588067693636
4.70897851083e-05 3 60.3588067693636
3.06449194974e-05 4 60.3588067693636
2.52820294584e-05 5 60.3588067693636
3.26962164589e-05 6 60.3588067693636
2.8638724892e-05 7 60.3588067693636
2.35773351065e-05 8 60.3588067693636
2.84355339712e-05 9 60.3588067693636
3.29642505936e-05 10 60.3588067693636
6.25863075525e-05 0 48.4989680582657
5.37389756495e-05 1 48.4989680582657
4.9963893093e-05 2 48.4989680582657
6.73181571754e-05 3 48.4989680582657
3.9734235513e-05 4 48.4989680582657
4.89201870442e-05 5 48.4989680582657
3.54009083771e-05 6 48.4989680582657
3.53647632708e-05 7 48.4989680582657
3.97845277076e-05 8 48.4989680582657
4.86870723571e-05 9 48.4989680582657
6.12735040236e-05 10 48.4989680582657
6.95964809642e-05 0 10.880631650798
5.24734983765e-05 1 10.880631650798
6.51710146576e-05 2 10.880631650798
7.81751988073e-05 3 10.880631650798
5.30392837454e-05 4 10.880631650798
6.45594680815e-05 5 10.880631650798
5.6218674343e-05 6 10.880631650798
5.70571519003e-05 7 10.880631650798
4.23320334868e-05 8 10.880631650798
4.97621844497e-05 9 10.880631650798
6.21115879606e-05 10 10.880631650798
2.26171146597e-05 0 24.7726832982153
1.33149389523e-05 1 24.7726832982153
1.7893209129e-05 2 24.7726832982153
2.79473424338e-05 3 24.7726832982153
1.77976263234e-05 4 24.7726832982153
2.60248110913e-05 5 24.7726832982153
2.3279286529e-05 6 24.7726832982153
2.98935297301e-05 7 24.7726832982153
4.78371529628e-05 8 24.7726832982153
5.01401832486e-05 9 24.7726832982153
4.07129595703e-05 10 24.7726832982153
7.10072204432e-05 0 49.8514530714601
6.46329328311e-05 1 49.8514530714601
5.83186075314e-05 2 49.8514530714601
8.03878613828e-05 3 49.8514530714601
6.49372852341e-05 4 49.8514530714601
7.48501203953e-05 5 49.8514530714601
7.87175874382e-05 6 49.8514530714601
7.10252285314e-05 7 49.8514530714601
5.98647799936e-05 8 49.8514530714601
7.34758660186e-05 9 49.8514530714601
9.91272059101e-05 10 49.8514530714601
0.000112559593888 0 37.2866708086804
9.98620421422e-05 1 37.2866708086804
9.71976792193e-05 2 37.2866708086804
0.000117127626155 3 37.2866708086804
7.91272846003e-05 4 37.2866708086804
0.000105250784679 5 37.2866708086804
9.71970210747e-05 6 37.2866708086804
0.000100019704736 7 37.2866708086804
7.43526034622e-05 8 37.2866708086804
8.54590544679e-05 9 37.2866708086804
8.14259191405e-05 10 37.2866708086804
0.000193297433429 0 93.4691370232031
0.00016754631515 1 93.4691370232031
0.000155958094383 2 93.4691370232031
0.000204109804292 3 93.4691370232031
0.000166672365434 4 93.4691370232031
0.000205204483915 5 93.4691370232031
0.000191034145124 6 93.4691370232031
0.000184980262916 7 93.4691370232031
0.000162646320074 8 93.4691370232031
0.000188262197481 9 93.4691370232031
0.000202856746381 10 93.4691370232031
0.000154895569312 0 52.3986077867448
0.000138244391673 1 52.3986077867448
0.000138559289034 2 52.3986077867448
0.000179573904636 3 52.3986077867448
0.000149403203287 4 52.3986077867448
0.00019222419616 5 52.3986077867448
0.00018532656495 6 52.3986077867448
0.000198232128405 7 52.3986077867448
0.000181641714341 8 52.3986077867448
0.000186685462159 9 52.3986077867448
0.000175365564275 10 52.3986077867448
3.04495563604e-05 0 31.7144671687856
2.37389359438e-05 1 31.7144671687856
2.11286235285e-05 2 31.7144671687856
1.9285225674e-05 3 31.7144671687856
1.59815420047e-05 4 31.7144671687856
5.26355760293e-05 5 31.7144671687856
7.82865802398e-05 6 31.7144671687856
7.94286267925e-05 7 31.7144671687856
4.21078519609e-05 8 31.7144671687856
2.60343671718e-05 9 31.7144671687856
2.85147258984e-05 10 31.7144671687856
9.59912424514e-05 0 27.7966029476374
9.20949944199e-05 1 27.7966029476374
0.00010824287004 2 27.7966029476374
0.000120581792074 3 27.7966029476374
6.68613529449e-05 4 27.7966029476374
9.88021589216e-05 5 27.7966029476374
0.00013271593248 6 27.7966029476374
0.000123395096404 7 27.7966029476374
9.18473336889e-05 8 27.7966029476374
9.49194664017e-05 9 27.7966029476374
8.92144853193e-05 10 27.7966029476374
0.000134700993381 0 78.7540507735685
0.000105928746409 1 78.7540507735685
0.000119839943432 2 78.7540507735685
0.000152587752669 3 78.7540507735685
0.000128774634149 4 78.7540507735685
0.000151931006258 5 78.7540507735685
9.11611651078e-05 6 78.7540507735685
9.46859853126e-05 7 78.7540507735685
9.19592880205e-05 8 78.7540507735685
8.31483031116e-05 9 78.7540507735685
0.000106222219966 10 78.7540507735685
0.000164711671616 0 70.2462512534112
0.000134582288582 1 70.2462512534112
0.000146147624232 2 70.2462512534112
0.00017389365089 3 70.2462512534112
0.00011621496394 4 70.2462512534112
0.000116026456622 5 70.2462512534112
0.000123492903892 6 70.2462512534112
0.000103980601146 7 70.2462512534112
0.000107169705029 8 70.2462512534112
0.000114978463449 9 70.2462512534112
0.000142960749943 10 70.2462512534112
6.7691263289e-05 0 16.5027638664469
6.78290006047e-05 1 16.5027638664469
7.3041588312e-05 2 16.5027638664469
9.54353801679e-05 3 16.5027638664469
7.21428866355e-05 4 16.5027638664469
0.000159598095662 5 16.5027638664469
0.000128770902887 6 16.5027638664469
0.000143072792176 7 16.5027638664469
0.000133953170609 8 16.5027638664469
0.000152033143932 9 16.5027638664469
0.000140890402361 10 16.5027638664469
7.94336252881e-05 0 6.44575387705117
7.12168078316e-05 1 6.44575387705117
7.33941659408e-05 2 6.44575387705117
0.000112233690398 3 6.44575387705117
6.65897583531e-05 4 6.44575387705117
6.88668109282e-05 5 6.44575387705117
6.88631955813e-05 6 6.44575387705117
0.000121292717837 7 6.44575387705117
0.000134029568006 8 6.44575387705117
0.000160333602704 9 6.44575387705117
0.000134375645796 10 6.44575387705117
0.000174224418132 0 75.4705621628091
0.000142992178862 1 75.4705621628091
0.000176368404822 2 75.4705621628091
0.000219092809706 3 75.4705621628091
0.000140201709405 4 75.4705621628091
0.000179471083025 5 75.4705621628091
0.00016164729068 6 75.4705621628091
0.000150484435376 7 75.4705621628091
0.000125222697007 8 75.4705621628091
0.000156841187596 9 75.4705621628091
0.000158256728736 10 75.4705621628091
0.000244427838088 0 62.0410033036023
0.000217181953616 1 62.0410033036023
0.000155546444268 2 62.0410033036023
0.000206516896025 3 62.0410033036023
0.000172995357574 4 62.0410033036023
0.000179152947656 5 62.0410033036023
0.000155410390516 6 62.0410033036023
0.000150543904705 7 62.0410033036023
0.000179223957733 8 62.0410033036023
0.000179358217057 9 62.0410033036023
0.000174175828698 10 62.0410033036023
0.000202239083411 0 16.9576766667888
0.000166714131465 1 16.9576766667888
0.000158829843997 2 16.9576766667888
0.000220752603719 3 16.9576766667888
0.000140456942877 4 16.9576766667888
0.000185858606643 5 16.9576766667888
0.000169194814463 6 16.9576766667888
0.000200938462998 7 16.9576766667888
0.000203649594042 8 16.9576766667888
0.000239033074859 9 16.9576766667888
0.000229762702271 10 16.9576766667888
0.00014346851366 0 6.22140523046255
6.24923556857e-05 1 6.22140523046255
4.4409960415e-05 2 6.22140523046255
7.16940376369e-05 3 6.22140523046255
4.30058683857e-05 4 6.22140523046255
3.65285880283e-05 5 6.22140523046255
3.29731873794e-05 6 6.22140523046255
4.31422954662e-05 7 6.22140523046255
4.61177210191e-05 8 6.22140523046255
4.61935017287e-05 9 6.22140523046255
3.07579492157e-05 10 6.22140523046255
0.000189352587849 0 10.9029268613085
0.000185022172525 1 10.9029268613085
0.00016722418902 2 10.9029268613085
0.000222008664053 3 10.9029268613085
0.000134925248209 4 10.9029268613085
0.000235605148198 5 10.9029268613085
0.000249832343058 6 10.9029268613085
0.000235776787119 7 10.9029268613085
0.000172487105826 8 10.9029268613085
0.000169341373614 9 10.9029268613085
0.000221266084621 10 10.9029268613085
0.000144118358529 0 38.1716351723298
0.000123717974432 1 38.1716351723298
0.000140715731051 2 38.1716351723298
0.000228288965724 3 38.1716351723298
0.000134203722818 4 38.1716351723298
0.000179179672823 5 38.1716351723298
0.000146155520579 6 38.1716351723298
0.000134183738713 7 38.1716351723298
0.000112348970673 8 38.1716351723298
0.000140329443684 9 38.1716351723298
0.000159665606662 10 38.1716351723298
0.000154908852527 0 16.9310914585367
0.000153782349549 1 16.9310914585367
0.000151331673988 2 16.9310914585367
0.000169731979061 3 16.9310914585367
0.000116428619026 4 16.9310914585367
0.000187185766483 5 16.9310914585367
0.000213351053122 6 16.9310914585367
0.000233188625506 7 16.9310914585367
0.000197276487624 8 16.9310914585367
0.000200109333184 9 16.9310914585367
0.00017944250251 10 16.9310914585367
0.000251681148016 0 29.8652542056516
0.000228850513243 1 29.8652542056516
0.000235262564474 2 29.8652542056516
0.000347614697463 3 29.8652542056516
0.000232571684524 4 29.8652542056516
0.000302394486397 5 29.8652542056516
0.000272871636943 6 29.8652542056516
0.000276908485921 7 29.8652542056516
0.000258867336319 8 29.8652542056516
0.000283497010948 9 29.8652542056516
0.000278618253755 10 29.8652542056516
7.23407642017e-05 0 19.2209535045549
7.54737364519e-05 1 19.2209535045549
9.8191374501e-05 2 19.2209535045549
0.000106092692058 3 19.2209535045549
7.38271906751e-05 4 19.2209535045549
8.53861326801e-05 5 19.2209535045549
0.000123180063122 6 19.2209535045549
0.000193317697843 7 19.2209535045549
0.000156649993926 8 19.2209535045549
0.00016594263303 9 19.2209535045549
0.000150660002518 10 19.2209535045549
0.000196591490925 0 25.7170021301135
0.000175072640812 1 25.7170021301135
0.00018929135704 2 25.7170021301135
0.000245131883238 3 25.7170021301135
0.000175442363894 4 25.7170021301135
0.000220920862258 5 25.7170021301135
0.00020588928306 6 25.7170021301135
0.000279651361084 7 25.7170021301135
0.000295950048657 8 25.7170021301135
0.000297747491342 9 25.7170021301135
0.000272813431782 10 25.7170021301135
0.000171310966324 0 18.1231822818518
0.000160373021673 1 18.1231822818518
0.000143458927942 2 18.1231822818518
0.000196777184515 3 18.1231822818518
0.000137142913208 4 18.1231822818518
0.000218421393777 5 18.1231822818518
0.000195769785938 6 18.1231822818518
0.000272127565834 7 18.1231822818518
0.000263035316832 8 18.1231822818518
0.000270974884873 9 18.1231822818518
0.000241476336385 10 18.1231822818518
0.000162581098106 0 47.7313709678128
0.000110914169065 1 47.7313709678128
0.000107192671568 2 47.7313709678128
0.000125861363708 3 47.7313709678128
0.000103167879803 4 47.7313709678128
0.000124496232533 5 47.7313709678128
0.000191918577034 6 47.7313709678128
0.000244743003715 7 47.7313709678128
0.00021408817616 8 47.7313709678128
0.000172913583803 9 47.7313709678128
0.000155984899755 10 47.7313709678128
0.0003580867828 0 77.0737042883411
0.000311178398136 1 77.0737042883411
0.000276622498343 2 77.0737042883411
0.000426932778647 3 77.0737042883411
0.000321201906936 4 77.0737042883411
0.000340855932878 5 77.0737042883411
0.000287763383925 6 77.0737042883411
0.00025822645842 7 77.0737042883411
0.000260293416288 8 77.0737042883411
0.00030312656398 9 77.0737042883411
0.000317216659611 10 77.0737042883411
0.000150447821202 0 2.77871224097908
0.000135742141384 1 2.77871224097908
0.000129013779053 2 2.77871224097908
0.00019716341002 3 2.77871224097908
0.000120568431525 4 2.77871224097908
0.000217596918766 5 2.77871224097908
0.000195652993463 6 2.77871224097908
0.000260519678553 7 2.77871224097908
0.000256633555266 8 2.77871224097908
0.000297313884179 9 2.77871224097908
0.000194764218712 10 2.77871224097908
0.0001711522592 0 52.7310776989907
0.000167029525282 1 52.7310776989907
0.000143091203598 2 52.7310776989907
0.000194491479268 3 52.7310776989907
0.000157009196607 4 52.7310776989907
0.000211517448758 5 52.7310776989907
0.000208734424558 6 52.7310776989907
0.000311688309984 7 52.7310776989907
0.000355796080308 8 52.7310776989907
0.000325101224342 9 52.7310776989907
0.00024870065428 10 52.7310776989907
0.00012080286987 0 88.0319068906829
8.37564582368e-05 1 88.0319068906829
9.92840751308e-05 2 88.0319068906829
0.000136158620565 3 88.0319068906829
0.000102380994235 4 88.0319068906829
0.000122206541821 5 88.0319068906829
0.000101686248036 6 88.0319068906829
0.000126607183123 7 88.0319068906829
0.000214866297906 8 88.0319068906829
0.000305939386147 9 88.0319068906829
0.000284234120186 10 88.0319068906829
0.000271142386211 0 37.3063371982425
0.000230792275173 1 37.3063371982425
0.000268398136935 2 37.3063371982425
0.000311816977942 3 37.3063371982425
0.00023858439612 4 37.3063371982425
0.000369874748784 5 37.3063371982425
0.000364548827193 6 37.3063371982425
0.00042277992047 7 37.3063371982425
0.000444475489814 8 37.3063371982425
0.000482796355686 9 37.3063371982425
0.000409961801584 10 37.3063371982425
0.00071980282353 0 4.79591316543519
0.000627189103564 1 4.79591316543519
0.000630680395841 2 4.79591316543519
0.000823033533922 3 4.79591316543519
0.000584195058645 4 4.79591316543519
0.000718791463858 5 4.79591316543519
0.000688058912149 6 4.79591316543519
0.000892535387655 7 4.79591316543519
0.000843574023105 8 4.79591316543519
0.000865312344872 9 4.79591316543519
0.000808594779639 10 4.79591316543519
8.23615541382e-05 0 13.8628246728331
7.37017468399e-05 1 13.8628246728331
6.62801921775e-05 2 13.8628246728331
9.04106226836e-05 3 13.8628246728331
6.68170271529e-05 4 13.8628246728331
0.000102838445277 5 13.8628246728331
0.000224751063976 6 13.8628246728331
0.000418934395447 7 13.8628246728331
0.000258480160922 8 13.8628246728331
0.000158332209374 9 13.8628246728331
0.000135549566892 10 13.8628246728331
0.000146485265878 0 32.1492120390758
0.000123717974432 1 32.1492120390758
0.000143145673032 2 32.1492120390758
0.00017898859761 3 32.1492120390758
0.000132520163571 4 32.1492120390758
0.000248041783587 5 32.1492120390758
0.000611981243804 6 32.1492120390758
0.000952771973878 7 32.1492120390758
0.000536049468345 8 32.1492120390758
0.000343097606128 9 32.1492120390758
0.000266227353016 10 32.1492120390758
0.000336889812548 0 15.4831611318514
0.000278504139752 1 15.4831611318514
0.000295348402536 2 15.4831611318514
0.00035515105947 3 15.4831611318514
0.000252774395486 4 15.4831611318514
0.000479271078591 5 15.4831611318514
0.000703418441405 6 15.4831611318514
0.00110179009577 7 15.4831611318514
0.000737785576267 8 15.4831611318514
0.000472074555493 9 15.4831611318514
0.000401465183936 10 15.4831611318514
0.000279295067077 0 13.2228172151372
0.000258531731324 1 13.2228172151372
0.000249179504907 2 13.2228172151372
0.000341020380709 3 13.2228172151372
0.000228964057567 4 13.2228172151372
0.000499307880051 5 13.2228172151372
0.00159259118976 6 13.2228172151372
0.00282505094118 7 13.2228172151372
0.0015709721033 8 13.2228172151372
0.000925543634182 9 13.2228172151372
0.000620253088409 10 13.2228172151372
0.000921778917236 0 22.1305927727371
0.000752294050804 1 22.1305927727371
0.000788184816939 2 22.1305927727371
0.00100359220695 3 22.1305927727371
0.000735234373929 4 22.1305927727371
0.000915704857514 5 22.1305927727371
0.00110948599612 6 22.1305927727371
0.00333863526775 7 22.1305927727371
0.00380155020716 8 22.1305927727371
0.00317775236854 9 22.1305927727371
0.00160904696736 10 22.1305927727371
